2019
0
68
0
21
0
0
33
18
48
156
114
104
216
2020
0
33
0
54
0
0
0
3
42
6
126
21
3
2021
0
3
0
0
110
0
0
15
60
9
0
15
6
2022
0
96
0
0
40
0
0
0
12
36
20
3
6
2023
0
5
20
0
0
0
192
19
36
21
10
9
12
2024
0
20
0
0
0
0
10
0
24
15
30
33
9
2025
0
30
0
0
0
0
5
5
30
36
30
3
12
2026
0
5
0
0
85
0
0
15
36
15
15
9
12
2027
0
25
45
260
0
0
0
0
30
196
35
158
12
2028
0
5
100
0
50
15
0
0
30
0
20
15
15
2029
0
30
25
0
0
25
110
25
232
0
25
0
21
2030
0
50
0
0
160
0
0
65
0
0
15
0
216
2031
0
0
10
170
0
20
0
20
0
25
60
20
0
2032
85
0
0
0
45
70
0
0
0
15
15
35
10
2033
105
95
0
0
0
15
170
50
20
0
30
20
0
2034
25
10
0
30
0
25
0
30
25
50
20
25
5
2035
0
30
0
170
0
0
0
10
10
5
0
30
0
