2019
474
390
258
420
318
389
273
540
351
265
0
318
0
264
2020
0
0
0
0
0
0
0
0
0
0
0
212
0
0
2021
0
0
0
0
0
0
0
360
0
0
440
0
0
0
2022
0
0
0
0
0
0
0
0
0
0
0
0
0
0
2023
0
0
0
0
0
0
0
0
0
0
0
0
270
0
2024
0
0
0
0
0
0
0
0
0
0
0
0
0
0
2025
0
0
0
0
0
0
182
0
0
0
0
0
0
0
2026
0
0
0
280
212
0
0
0
0
0
0
0
0
0
2027
0
0
0
0
0
0
0
0
0
0
0
0
0
0
2028
0
0
0
0
0
0
0
0
0
0
0
0
0
0
2029
316
0
0
0
0
0
0
0
0
0
0
0
0
0
2030
0
0
0
0
0
0
0
0
0
0
0
0
0
0
2031
0
260
0
0
0
0
0
0
0
0
0
0
0
176
2032
0
0
0
0
0
0
0
0
0
0
0
0
0
0
2033
0
0
0
0
0
326
0
0
0
0
0
0
0
0
2034
0
0
0
0
0
0
0
0
234
0
0
0
0
0
2035
0
0
0
0
0
0
0
0
0
0
0
0
0
0
